{
 "asset" : {
  "generator" : "Generated by Pixyz Studio 2022.1 Update 2",
  "version" : "2.0"},
 "nodes" : [
  {
   "name" : "",
   "mesh" : 0},
  {
   "name" : " ",
   "matrix" : [
    0.999814638074,
    -0,
    -0.019253298248,
    0,
    0,
    1,
    0,
    0,
    0.019253298248,
    -0,
    0.999814638074,
    0,
    -8.449863006555,
    1.415027058169,
    -6.73413599442,
    1],
   "children" : [
    0]},
  {
   "name" : "",
   "mesh" : 1},
  {
   "name" : " ",
   "matrix" : [
    1,
    0,
    0,
    0,
    0,
    1,
    0,
    0,
    0,
    0,
    1,
    0,
    -0,
    39.771027760261,
    0,
    1],
   "children" : [
    2]},
  {
   "name" : "",
   "mesh" : 2},
  {
   "name" : " ",
   "matrix" : [
    0.999706394799,
    0,
    0.024230645831,
    0,
    0.023725766672,
    0.203072949139,
    -0.978876123584,
    0,
    -0.004920588708,
    0.979163611113,
    0.203013325865,
    0,
    13.983045769195,
    -29.507725418033,
    0.76069267299,
    1],
   "children" : [
    4]},
  {
   "name" : "",
   "mesh" : 3},
  {
   "name" : " ",
   "matrix" : [
    0.977777118947,
    -0,
    0.209647097913,
    0,
    0.209647097913,
    0,
    -0.977777118947,
    0,
    0,
    1,
    0,
    0,
    0,
    -50.507725418033,
    0,
    1],
   "children" : [
    6]},
  {
   "name" : "",
   "mesh" : 4},
  {
   "name" : " ",
   "matrix" : [
    0.968346027688,
    0,
    -0.249611639675,
    0,
    0,
    1,
    0,
    0,
    0.249611639675,
    0,
    0.968346027688,
    0,
    1.381998627699,
    14.44028689857,
    10.868772340666,
    1],
   "children" : [
    8]},
  {
   "name" : "",
   "mesh" : 5},
  {
   "name" : " ",
   "matrix" : [
    0.995976262649,
    0,
    -0.089617432681,
    0,
    -0,
    1,
    0,
    0,
    0.089617432681,
    -0,
    0.995976262649,
    0,
    0,
    28.444499537798,
    -0,
    1],
   "children" : [
    10]},
  {
   "name" : "",
   "mesh" : 6},
  {
   "name" : " ",
   "matrix" : [
    0.999706394799,
    0,
    0.024230645831,
    0,
    0.023649787077,
    0.217645310504,
    -0.975741362445,
    0,
    -0.005273686436,
    0.976027929322,
    0.217581408709,
    0,
    -23.976051419095,
    -29.507725418033,
    -0.159350896626,
    1],
   "children" : [
    12]},
  {
   "name" : "",
   "mesh" : 7},
  {
   "name" : " ",
   "matrix" : [
    -0.992012761707,
    -0,
    0.126137546392,
    0,
    -0,
    1,
    -0,
    0,
    -0.126137546392,
    -0,
    -0.992012761707,
    0,
    -1.069021720733,
    23.179740317353,
    3.66410989576,
    1],
   "children" : [
    14]},
  {
   "name" : "",
   "mesh" : 8},
  {
   "name" : " ",
   "matrix" : [
    0.126137546392,
    0,
    0.992012761707,
    0,
    0.790437696094,
    0.604240567568,
    -0.100506642061,
    0,
    -0.599414354169,
    0.796801943086,
    0.076217422623,
    0,
    -2.171325874752,
    23.181143450551,
    -9.059584685188,
    1],
   "children" : [
    16]},
  {
   "name" : "",
   "mesh" : 9},
  {
   "name" : " ",
   "matrix" : [
    0.993264890495,
    -0,
    0.115865686504,
    0,
    0,
    1,
    0,
    0,
    -0.115865686504,
    -0,
    0.993264890495,
    0,
    -0,
    32.856797897436,
    -0,
    1],
   "children" : [
    18]},
  {
   "name" : "",
   "mesh" : 10},
  {
   "name" : " ",
   "matrix" : [
    0.988064029505,
    0,
    0.15404373924,
    0,
    0,
    1,
    0,
    0,
    -0.15404373924,
    0,
    0.988064029505,
    0,
    -0,
    56.153274057182,
    0,
    1],
   "children" : [
    20]},
  {
   "name" : "",
   "mesh" : 11},
  {
   "name" : " ",
   "matrix" : [
    -0,
    -1,
    0,
    0,
    -0.037442047517,
    -0,
    -0.999298800699,
    0,
    0.999298800699,
    -0,
    -0.037442047517,
    0,
    0,
    -14.121471084195,
    0,
    1],
   "children" : [
    22]},
  {
   "name" : "",
   "mesh" : 12},
  {
   "name" : " ",
   "matrix" : [
    0.973046091078,
    0,
    -0.230610720995,
    0,
    0.230610720995,
    0,
    0.973046091078,
    0,
    0,
    -1,
    -0,
    0,
    1.387513010307,
    -0.281544534809,
    10.912140378782,
    1],
   "children" : [
    24]},
  {
   "name" : "",
   "mesh" : 13},
  {
   "name" : " ",
   "matrix" : [
    0.126687595993,
    0.009710187245,
    0.991895138251,
    0,
    0.05593640004,
    0.998291004229,
    -0.016917151802,
    0,
    -0.990364262366,
    0.057626236543,
    0.125927934509,
    0,
    -1.811792474106,
    23.215080879013,
    -6.247552976528,
    1],
   "children" : [
    26]},
  {
   "name" : "",
   "mesh" : 14},
  {
   "name" : " ",
   "matrix" : [
    1,
    0,
    0,
    0,
    0,
    1,
    0,
    0,
    0,
    0,
    1,
    0,
    0,
    -40.507725418033,
    0,
    1],
   "children" : [
    28]},
  {
   "name" : "",
   "mesh" : 15},
  {
   "name" : " ",
   "matrix" : [
    0.992012761707,
    0,
    -0.126137546392,
    0,
    -0,
    1,
    0,
    0,
    0.126137546392,
    0,
    0.992012761707,
    0,
    0,
    8.421462171657,
    -0,
    1],
   "children" : [
    30]},
  {
   "name" : "",
   "mesh" : 16},
  {
   "name" : " ",
   "matrix" : [
    0,
    -1,
    0,
    0,
    -0.929902805415,
    -0,
    -0.367805345911,
    0,
    0.367805345911,
    -0,
    -0.929902805415,
    0,
    0,
    -2.197728805828,
    -0,
    1],
   "children" : [
    32]},
  {
   "name" : "",
   "mesh" : 17},
  {
   "name" : " ",
   "matrix" : [
    0.993836029798,
    0,
    -0.110860028303,
    0,
    0,
    1,
    0,
    0,
    0.110860028303,
    0,
    0.993836029798,
    0,
    11.208634789894,
    21.535235294536,
    2.954044468295,
    1],
   "children" : [
    34]},
  {
   "name" : "",
   "mesh" : 18},
  {
   "name" : " ",
   "matrix" : [
    0.906767835565,
    0,
    0.421630279254,
    0,
    -0.421630279254,
    -0,
    0.906767835565,
    0,
    0,
    -1,
    -0,
    0,
    1.387513010307,
    4.492681333857,
    10.912140378782,
    1],
   "children" : [
    36]},
  {
   "name" : "",
   "mesh" : 19},
  {
   "name" : " ",
   "matrix" : [
    0.126137546392,
    0,
    0.992012761707,
    0,
    -0.991883038882,
    0.016171502408,
    0.126121051726,
    0,
    -0.016042336765,
    -0.999869232705,
    0.002039833635,
    0,
    0.482827838353,
    23.181143450551,
    11.814091950007,
    1],
   "children" : [
    38]},
  {
   "name" : "",
   "mesh" : 2},
  {
   "name" : " ",
   "matrix" : [
    0.999706394799,
    0,
    0.024230645831,
    0,
    -0.003665176794,
    0.988493700949,
    0.15121762352,
    0,
    -0.023951840774,
    -0.15126203484,
    0.988203474058,
    0,
    -17.171519359349,
    -29.507725418033,
    0.005575733077,
    1],
   "children" : [
    40]},
  {
   "name" : "",
   "mesh" : 20},
  {
   "name" : " ",
   "matrix" : [
    0.126137546392,
    0,
    0.992012761707,
    0,
    -0.760692167492,
    -0.641865886228,
    0.096724404434,
    0,
    0.636739150442,
    -0.766816916935,
    -0.080963388001,
    0,
    -0.018443465068,
    23.181143450551,
    7.871827776513,
    1],
   "children" : [
    42]},
  {
   "name" : "",
   "mesh" : 21},
  {
   "name" : " ",
   "matrix" : [
    0,
    -1,
    0,
    0,
    -0.361049306998,
    -0,
    -0.932546726934,
    0,
    0.932546726934,
    -0,
    -0.361049306998,
    0,
    0,
    -11.244221378358,
    0,
    1],
   "children" : [
    44]},
  {
   "name" : "",
   "mesh" : 22},
  {
   "name" : " ",
   "matrix" : [
    0.126137546392,
    0,
    0.992012761707,
    0,
    -0.954155552316,
    0.27361962173,
    0.121323883009,
    0,
    -0.271434156609,
    -0.961837981473,
    0.03451370773,
    0,
    0.026564723477,
    23.181143450551,
    8.225796112631,
    1],
   "children" : [
    46]},
  {
   "name" : "",
   "mesh" : 23},
  {
   "name" : " ",
   "matrix" : [
    0.975301025932,
    0,
    -0.220879851539,
    0,
    0,
    1,
    0,
    0,
    0.220879851539,
    0,
    0.975301025932,
    0,
    -0,
    -50.442525339524,
    0,
    1],
   "children" : [
    48]},
  {
   "name" : " ",
   "matrix" : [
    1,
    0,
    0,
    0,
    0,
    1,
    0,
    0,
    0,
    0,
    1,
    0,
    0,
    -40.507725418033,
    0,
    1]},
  {
   "name" : "",
   "mesh" : 6},
  {
   "name" : " ",
   "matrix" : [
    -0.999706394799,
    -0,
    -0.024230645831,
    0,
    -0.02291570281,
    -0.324946983122,
    0.945454561957,
    0,
    -0.007873675262,
    0.945732233859,
    0.324851576998,
    0,
    23.272436514092,
    -29.507725418033,
    0.985846716514,
    1],
   "children" : [
    51]},
  {
   "name" : "",
   "mesh" : 24},
  {
   "name" : " ",
   "matrix" : [
    -0.999756859234,
    0,
    -0.022050451555,
    0,
    0,
    1,
    0,
    0,
    0.022050451555,
    0,
    -0.999756859234,
    0,
    -7.450048368481,
    12.34515646494,
    -6.753389292669,
    1],
   "children" : [
    53]},
  {
   "name" : "",
   "mesh" : 25},
  {
   "name" : " ",
   "matrix" : [
    0,
    -1,
    -0,
    0,
    -0.677905998308,
    -0,
    0.735148595495,
    0,
    -0.735148595495,
    -0,
    -0.677905998308,
    0,
    -4.903999933493,
    13.179740317353,
    0.623559033707,
    1],
   "children" : [
    55]},
  {
   "name" : "",
   "mesh" : 26},
  {
   "name" : " ",
   "matrix" : [
    0.125779472026,
    0,
    0.992058226324,
    0,
    0,
    1,
    0,
    0,
    -0.992058226324,
    0,
    0.125779472026,
    0,
    -4.943108131953,
    -0.770259682647,
    -0.18845046711,
    1],
   "children" : [
    57]},
  {
   "name" : "",
   "mesh" : 27},
  {
   "name" : " ",
   "matrix" : [
    0,
    1,
    0,
    0,
    -0.024230645831,
    -0,
    0.999706394799,
    0,
    0.999706394799,
    -0,
    0.024230645831,
    0,
    -0,
    -33.507725418033,
    -0,
    1],
   "children" : [
    59]},
  {
   "name" : "",
   "mesh" : 28},
  {
   "name" : " ",
   "matrix" : [
    0.909206172486,
    -0,
    -0.41634617317,
    0,
    0,
    1,
    0,
    0,
    0.41634617317,
    -0,
    0.909206172486,
    0,
    -0,
    -49.668925730615,
    0,
    1],
   "children" : [
    61]},
  {
   "name" : "",
   "mesh" : 29},
  {
   "name" : " ",
   "matrix" : [
    0.126137546392,
    0,
    0.992012761707,
    0,
    -0.828963093037,
    0.549281275801,
    0.105405267594,
    0,
    -0.544894035361,
    -0.835637529109,
    0.069284992408,
    0,
    -2.120614538267,
    23.181143450551,
    -8.66076375997,
    1],
   "children" : [
    63]},
  {
   "name" : "",
   "mesh" : 30},
  {
   "name" : " ",
   "matrix" : [
    0.999865565591,
    0,
    -0.016396668701,
    0,
    0,
    1,
    0,
    0,
    0.016396668701,
    0,
    0.999865565591,
    0,
    -0,
    25.576581078595,
    0,
    1],
   "children" : [
    65]},
  {
   "name" : "",
   "mesh" : 31},
  {
   "name" : " ",
   "matrix" : [
    -0.410403546627,
    -0,
    0.911904012995,
    0,
    -0,
    1,
    0,
    0,
    -0.911904012995,
    0,
    -0.410403546627,
    0,
    1.714116658425,
    -19.578887824127,
    -3.106686554613,
    1],
   "children" : [
    67]},
  {
   "name" : "",
   "mesh" : 32},
  {
   "name" : " ",
   "matrix" : [
    0.999324488297,
    0,
    0.036750062441,
    0,
    0,
    1,
    0,
    0,
    -0.036750062441,
    0,
    0.999324488297,
    0,
    5.952076570245,
    -0.320259682647,
    -0.756825278349,
    1],
   "children" : [
    69]},
  {
   "name" : "",
   "mesh" : 33},
  {
   "name" : " ",
   "children" : [
    71]},
  {
   "name" : "",
   "mesh" : 34},
  {
   "name" : " ",
   "matrix" : [
    0.991565979292,
    -0,
    0.12960288851,
    0,
    0.12960288851,
    0,
    -0.991565979292,
    0,
    0,
    1,
    0,
    0,
    -5.462956897725,
    30.711315058809,
    -0.63726127577,
    1],
   "children" : [
    73]},
  {
   "name" : "",
   "mesh" : 35},
  {
   "name" : " ",
   "matrix" : [
    -0.439845504782,
    0,
    -0.89807345575,
    0,
    -0.89807345575,
    0,
    0.439845504782,
    0,
    0,
    1,
    0,
    0,
    -0,
    -39.807725418033,
    -0,
    1],
   "children" : [
    75]},
  {
   "name" : "",
   "mesh" : 36},
  {
   "name" : " ",
   "matrix" : [
    0.998836532735,
    0,
    0.048224276812,
    0,
    0,
    1,
    0,
    0,
    -0.048224276812,
    0,
    0.998836532735,
    0,
    -0,
    35.771027760261,
    0,
    1],
   "children" : [
    77]},
  {
   "name" : "",
   "mesh" : 37},
  {
   "name" : " ",
   "matrix" : [
    1,
    0,
    0,
    0,
    0,
    1,
    0,
    0,
    0,
    0,
    1,
    0,
    0,
    -10.974260135697,
    0,
    1],
   "children" : [
    79]},
  {
   "name" : "",
   "mesh" : 38},
  {
   "name" : " ",
   "matrix" : [
    -0,
    -1,
    -0,
    0,
    0.854569515884,
    -0,
    -0.519337022098,
    0,
    0.519337022098,
    -0,
    0.854569515884,
    0,
    -0,
    -33.907725418033,
    -0,
    1],
   "children" : [
    81]},
  {
   "name" : "ÄÁÒ",
   "children" : [
    1,
    3,
    5,
    7,
    9,
    11,
    13,
    15,
    17,
    19,
    21,
    23,
    25,
    27,
    29,
    31,
    33,
    35,
    37,
    39,
    41,
    43,
    45,
    47,
    49,
    50,
    52,
    54,
    56,
    58,
    60,
    62,
    64,
    66,
    68,
    70,
    72,
    74,
    76,
    78,
    80,
    82]},
  {
   "name" : "ДБТ.STEP",
   "matrix" : [
    0.001,
    0,
    0,
    0,
    0,
    0,
    -0.001,
    0,
    0,
    0.001,
    0,
    0,
    0,
    0,
    0,
    1],
   "children" : [
    83]}],
 "scenes" : [
  {
   "name" : "Root",
   "nodes" : [
    84]}],
 "scene" : 0,
 "buffers" : [
  {
   "byteLength" : 1028532,
   "uri" : "ДБТ.bin"}],
 "bufferViews" : [
  {
   "buffer" : 0,
   "byteOffset" : 0,
   "byteLength" : 114996,
   "target" : 34963},
  {
   "buffer" : 0,
   "byteOffset" : 114996,
   "byteLength" : 456768,
   "byteStride" : 12,
   "target" : 34962},
  {
   "buffer" : 0,
   "byteOffset" : 724020,
   "byteLength" : 304512,
   "byteStride" : 16,
   "target" : 34962},
  {
   "buffer" : 0,
   "byteOffset" : 571764,
   "byteLength" : 152256,
   "byteStride" : 8,
   "target" : 34962}],
 "accessors" : [
  {
   "bufferView" : 0,
   "count" : 432,
   "componentType" : 5123,
   "type" : "SCALAR",
   "byteOffset" : 0,
   "min" : [
    0],
   "max" : [
    167]},
  {
   "bufferView" : 0,
   "count" : 1452,
   "componentType" : 5123,
   "type" : "SCALAR",
   "byteOffset" : 864,
   "min" : [
    0],
   "max" : [
    343]},
  {
   "bufferView" : 0,
   "count" : 540,
   "componentType" : 5123,
   "type" : "SCALAR",
   "byteOffset" : 3768,
   "min" : [
    0],
   "max" : [
    207]},
  {
   "bufferView" : 0,
   "count" : 1560,
   "componentType" : 5123,
   "type" : "SCALAR",
   "byteOffset" : 4848,
   "min" : [
    0],
   "max" : [
    559]},
  {
   "bufferView" : 0,
   "count" : 516,
   "componentType" : 5123,
   "type" : "SCALAR",
   "byteOffset" : 7968,
   "min" : [
    0],
   "max" : [
    207]},
  {
   "bufferView" : 0,
   "count" : 852,
   "componentType" : 5123,
   "type" : "SCALAR",
   "byteOffset" : 9000,
   "min" : [
    0],
   "max" : [
    303]},
  {
   "bufferView" : 0,
   "count" : 300,
   "componentType" : 5123,
   "type" : "SCALAR",
   "byteOffset" : 10704,
   "min" : [
    0],
   "max" : [
    119]},
  {
   "bufferView" : 0,
   "count" : 840,
   "componentType" : 5123,
   "type" : "SCALAR",
   "byteOffset" : 11304,
   "min" : [
    0],
   "max" : [
    337]},
  {
   "bufferView" : 0,
   "count" : 804,
   "componentType" : 5123,
   "type" : "SCALAR",
   "byteOffset" : 12984,
   "min" : [
    0],
   "max" : [
    227]},
  {
   "bufferView" : 0,
   "count" : 1596,
   "componentType" : 5123,
   "type" : "SCALAR",
   "byteOffset" : 14592,
   "min" : [
    0],
   "max" : [
    583]},
  {
   "bufferView" : 0,
   "count" : 3984,
   "componentType" : 5123,
   "type" : "SCALAR",
   "byteOffset" : 17784,
   "min" : [
    0],
   "max" : [
    873]},
  {
   "bufferView" : 0,
   "count" : 1668,
   "componentType" : 5123,
   "type" : "SCALAR",
   "byteOffset" : 25752,
   "min" : [
    0],
   "max" : [
    581]},
  {
   "bufferView" : 0,
   "count" : 468,
   "componentType" : 5123,
   "type" : "SCALAR",
   "byteOffset" : 29088,
   "min" : [
    0],
   "max" : [
    183]},
  {
   "bufferView" : 0,
   "count" : 600,
   "componentType" : 5123,
   "type" : "SCALAR",
   "byteOffset" : 30024,
   "min" : [
    0],
   "max" : [
    213]},
  {
   "bufferView" : 0,
   "count" : 2472,
   "componentType" : 5123,
   "type" : "SCALAR",
   "byteOffset" : 31224,
   "min" : [
    0],
   "max" : [
    787]},
  {
   "bufferView" : 0,
   "count" : 6744,
   "componentType" : 5123,
   "type" : "SCALAR",
   "byteOffset" : 36168,
   "min" : [
    0],
   "max" : [
    2455]},
  {
   "bufferView" : 0,
   "count" : 570,
   "componentType" : 5123,
   "type" : "SCALAR",
   "byteOffset" : 49656,
   "min" : [
    0],
   "max" : [
    233]},
  {
   "bufferView" : 0,
   "count" : 492,
   "componentType" : 5123,
   "type" : "SCALAR",
   "byteOffset" : 50796,
   "min" : [
    0],
   "max" : [
    193]},
  {
   "bufferView" : 0,
   "count" : 480,
   "componentType" : 5123,
   "type" : "SCALAR",
   "byteOffset" : 51780,
   "min" : [
    0],
   "max" : [
    183]},
  {
   "bufferView" : 0,
   "count" : 1008,
   "componentType" : 5123,
   "type" : "SCALAR",
   "byteOffset" : 52740,
   "min" : [
    0],
   "max" : [
    261]},
  {
   "bufferView" : 0,
   "count" : 648,
   "componentType" : 5123,
   "type" : "SCALAR",
   "byteOffset" : 54756,
   "min" : [
    0],
   "max" : [
    239]},
  {
   "bufferView" : 0,
   "count" : 1662,
   "componentType" : 5123,
   "type" : "SCALAR",
   "byteOffset" : 56052,
   "min" : [
    0],
   "max" : [
    595]},
  {
   "bufferView" : 0,
   "count" : 384,
   "componentType" : 5123,
   "type" : "SCALAR",
   "byteOffset" : 59376,
   "min" : [
    0],
   "max" : [
    137]},
  {
   "bufferView" : 0,
   "count" : 768,
   "componentType" : 5123,
   "type" : "SCALAR",
   "byteOffset" : 60144,
   "min" : [
    0],
   "max" : [
    271]},
  {
   "bufferView" : 0,
   "count" : 330,
   "componentType" : 5123,
   "type" : "SCALAR",
   "byteOffset" : 61680,
   "min" : [
    0],
   "max" : [
    145]},
  {
   "bufferView" : 0,
   "count" : 816,
   "componentType" : 5123,
   "type" : "SCALAR",
   "byteOffset" : 62340,
   "min" : [
    0],
   "max" : [
    303]},
  {
   "bufferView" : 0,
   "count" : 408,
   "componentType" : 5123,
   "type" : "SCALAR",
   "byteOffset" : 63972,
   "min" : [
    0],
   "max" : [
    151]},
  {
   "bufferView" : 0,
   "count" : 4644,
   "componentType" : 5123,
   "type" : "SCALAR",
   "byteOffset" : 64788,
   "min" : [
    0],
   "max" : [
    1547]},
  {
   "bufferView" : 0,
   "count" : 828,
   "componentType" : 5123,
   "type" : "SCALAR",
   "byteOffset" : 74076,
   "min" : [
    0],
   "max" : [
    317]},
  {
   "bufferView" : 0,
   "count" : 564,
   "componentType" : 5123,
   "type" : "SCALAR",
   "byteOffset" : 75732,
   "min" : [
    0],
   "max" : [
    211]},
  {
   "bufferView" : 0,
   "count" : 5424,
   "componentType" : 5123,
   "type" : "SCALAR",
   "byteOffset" : 76860,
   "min" : [
    0],
   "max" : [
    1381]},
  {
   "bufferView" : 0,
   "count" : 1566,
   "componentType" : 5123,
   "type" : "SCALAR",
   "byteOffset" : 87708,
   "min" : [
    0],
   "max" : [
    583]},
  {
   "bufferView" : 0,
   "count" : 360,
   "componentType" : 5123,
   "type" : "SCALAR",
   "byteOffset" : 90840,
   "min" : [
    0],
   "max" : [
    135]},
  {
   "bufferView" : 0,
   "count" : 6384,
   "componentType" : 5123,
   "type" : "SCALAR",
   "byteOffset" : 91560,
   "min" : [
    0],
   "max" : [
    2223]},
  {
   "bufferView" : 0,
   "count" : 204,
   "componentType" : 5123,
   "type" : "SCALAR",
   "byteOffset" : 104328,
   "min" : [
    0],
   "max" : [
    79]},
  {
   "bufferView" : 0,
   "count" : 900,
   "componentType" : 5123,
   "type" : "SCALAR",
   "byteOffset" : 104736,
   "min" : [
    0],
   "max" : [
    407]},
  {
   "bufferView" : 0,
   "count" : 1812,
   "componentType" : 5123,
   "type" : "SCALAR",
   "byteOffset" : 106536,
   "min" : [
    0],
   "max" : [
    491]},
  {
   "bufferView" : 0,
   "count" : 894,
   "componentType" : 5123,
   "type" : "SCALAR",
   "byteOffset" : 110160,
   "min" : [
    0],
   "max" : [
    377]},
  {
   "bufferView" : 0,
   "count" : 1524,
   "componentType" : 5123,
   "type" : "SCALAR",
   "byteOffset" : 111948,
   "min" : [
    0],
   "max" : [
    387]},
  {
   "bufferView" : 2,
   "count" : 168,
   "componentType" : 5126,
   "type" : "VEC4",
   "byteOffset" : 0,
   "min" : [
    -0.866025388241,
    -0.000000000000,
    -1.000000000000,
    1.000000000000],
   "max" : [
    0.707106769085,
    1.000000000000,
    1.000000000000,
    1.000000000000]},
  {
   "bufferView" : 2,
   "count" : 344,
   "componentType" : 5126,
   "type" : "VEC4",
   "byteOffset" : 2688,
   "min" : [
    -0.707106769085,
    -0.896175980568,
    -1.000000000000,
    1.000000000000],
   "max" : [
    0.707106769085,
    1.000000000000,
    1.000000000000,
    1.000000000000]},
  {
   "bufferView" : 2,
   "count" : 208,
   "componentType" : 5126,
   "type" : "VEC4",
   "byteOffset" : 8192,
   "min" : [
    -0.635120987892,
    -0.997113227844,
    -1.000000000000,
    1.000000000000],
   "max" : [
    0.590460479259,
    1.000000000000,
    1.000000000000,
    1.000000000000]},
  {
   "bufferView" : 2,
   "count" : 560,
   "componentType" : 5126,
   "type" : "VEC4",
   "byteOffset" : 11520,
   "min" : [
    -0.000002689039,
    -0.000000000000,
    -1.000000000000,
    1.000000000000],
   "max" : [
    0.000002689039,
    1.000000000000,
    1.000000000000,
    1.000000000000]},
  {
   "bufferView" : 2,
   "count" : 208,
   "componentType" : 5126,
   "type" : "VEC4",
   "byteOffset" : 20480,
   "min" : [
    -0.866025388241,
    -0.000000000000,
    -1.000000000000,
    1.000000000000],
   "max" : [
    0.866025388241,
    1.000000000000,
    1.000000000000,
    1.000000000000]},
  {
   "bufferView" : 2,
   "count" : 304,
   "componentType" : 5126,
   "type" : "VEC4",
   "byteOffset" : 23808,
   "min" : [
    -0.866025388241,
    0.000000000000,
    -1.000000000000,
    1.000000000000],
   "max" : [
    0.866025388241,
    1.000000000000,
    1.000000000000,
    1.000000000000]},
  {
   "bufferView" : 2,
   "count" : 120,
   "componentType" : 5126,
   "type" : "VEC4",
   "byteOffset" : 28672,
   "min" : [
    0.000000000000,
    -0.866025388241,
    -1.000000000000,
    1.000000000000],
   "max" : [
    0.000000000000,
    1.000000000000,
    1.000000000000,
    1.000000000000]},
  {
   "bufferView" : 2,
   "count" : 338,
   "componentType" : 5126,
   "type" : "VEC4",
   "byteOffset" : 30592,
   "min" : [
    -0.623489797115,
    -0.587785243988,
    -1.000000000000,
    1.000000000000],
   "max" : [
    0.623489797115,
    1.000000000000,
    1.000000000000,
    1.000000000000]},
  {
   "bufferView" : 2,
   "count" : 228,
   "componentType" : 5126,
   "type" : "VEC4",
   "byteOffset" : 36000,
   "min" : [
    -0.707106769085,
    -0.766044437885,
    -1.000000000000,
    1.000000000000],
   "max" : [
    0.707106769085,
    1.000000000000,
    1.000000000000,
    1.000000000000]},
  {
   "bufferView" : 2,
   "count" : 584,
   "componentType" : 5126,
   "type" : "VEC4",
   "byteOffset" : 39648,
   "min" : [
    -0.809017002583,
    0.000000000000,
    -1.000000000000,
    1.000000000000],
   "max" : [
    0.809017002583,
    1.000000000000,
    1.000000000000,
    1.000000000000]},
  {
   "bufferView" : 2,
   "count" : 874,
   "componentType" : 5126,
   "type" : "VEC4",
   "byteOffset" : 48992,
   "min" : [
    -0.733051896095,
    -0.973894298077,
    -1.000000000000,
    1.000000000000],
   "max" : [
    0.733051896095,
    1.000000000000,
    1.000000000000,
    1.000000000000]},
  {
   "bufferView" : 2,
   "count" : 582,
   "componentType" : 5126,
   "type" : "VEC4",
   "byteOffset" : 62976,
   "min" : [
    -0.851934194565,
    -0.743144810200,
    -1.000000000000,
    1.000000000000],
   "max" : [
    0.851934194565,
    1.000000000000,
    1.000000000000,
    1.000000000000]},
  {
   "bufferView" : 2,
   "count" : 184,
   "componentType" : 5126,
   "type" : "VEC4",
   "byteOffset" : 72288,
   "min" : [
    -0.000000356113,
    0.000000000000,
    -1.000000000000,
    1.000000000000],
   "max" : [
    0.000000356113,
    1.000000000000,
    1.000000000000,
    1.000000000000]},
  {
   "bufferView" : 2,
   "count" : 214,
   "componentType" : 5126,
   "type" : "VEC4",
   "byteOffset" : 75232,
   "min" : [
    -0.497189611197,
    -0.865990757942,
    -0.999992549419,
    1.000000000000],
   "max" : [
    0.497189611197,
    0.999998152256,
    1.000000000000,
    1.000000000000]},
  {
   "bufferView" : 2,
   "count" : 788,
   "componentType" : 5126,
   "type" : "VEC4",
   "byteOffset" : 78656,
   "min" : [
    -0.733051896095,
    -1.000000000000,
    -1.000000000000,
    1.000000000000],
   "max" : [
    0.733051896095,
    1.000000000000,
    1.000000000000,
    1.000000000000]},
  {
   "bufferView" : 2,
   "count" : 2456,
   "componentType" : 5126,
   "type" : "VEC4",
   "byteOffset" : 91264,
   "min" : [
    -0.866025388241,
    -0.169362634420,
    -1.000000000000,
    1.000000000000],
   "max" : [
    0.866025388241,
    1.000000000000,
    1.000000000000,
    1.000000000000]},
  {
   "bufferView" : 2,
   "count" : 234,
   "componentType" : 5126,
   "type" : "VEC4",
   "byteOffset" : 130560,
   "min" : [
    -0.293155938387,
    -0.781831502914,
    -1.000000000000,
    1.000000000000],
   "max" : [
    0.293155938387,
    1.000000000000,
    1.000000000000,
    1.000000000000]},
  {
   "bufferView" : 2,
   "count" : 194,
   "componentType" : 5126,
   "type" : "VEC4",
   "byteOffset" : 134304,
   "min" : [
    -0.866025388241,
    -0.131632745266,
    -1.000000000000,
    1.000000000000],
   "max" : [
    0.866025388241,
    1.000000000000,
    1.000000000000,
    1.000000000000]},
  {
   "bufferView" : 2,
   "count" : 184,
   "componentType" : 5126,
   "type" : "VEC4",
   "byteOffset" : 137408,
   "min" : [
    -0.000000379329,
    -0.000000000000,
    -1.000000000000,
    1.000000000000],
   "max" : [
    0.000000379329,
    1.000000000000,
    1.000000000000,
    1.000000000000]},
  {
   "bufferView" : 2,
   "count" : 262,
   "componentType" : 5126,
   "type" : "VEC4",
   "byteOffset" : 140352,
   "min" : [
    -0.866025388241,
    -0.766044437885,
    -1.000000000000,
    1.000000000000],
   "max" : [
    0.866025388241,
    1.000000000000,
    1.000000000000,
    1.000000000000]},
  {
   "bufferView" : 2,
   "count" : 240,
   "componentType" : 5126,
   "type" : "VEC4",
   "byteOffset" : 144544,
   "min" : [
    -0.648060321808,
    -0.999009311199,
    -1.000000000000,
    1.000000000000],
   "max" : [
    0.621319830418,
    1.000000000000,
    1.000000000000,
    1.000000000000]},
  {
   "bufferView" : 2,
   "count" : 596,
   "componentType" : 5126,
   "type" : "VEC4",
   "byteOffset" : 148384,
   "min" : [
    -0.534442782402,
    -0.809017002583,
    -1.000000000000,
    1.000000000000],
   "max" : [
    0.534443199635,
    1.000000000000,
    1.000000000000,
    1.000000000000]},
  {
   "bufferView" : 2,
   "count" : 138,
   "componentType" : 5126,
   "type" : "VEC4",
   "byteOffset" : 157920,
   "min" : [
    -0.498572349548,
    -0.766044437885,
    -1.000000000000,
    1.000000000000],
   "max" : [
    0.498572349548,
    1.000000000000,
    1.000000000000,
    1.000000000000]},
  {
   "bufferView" : 2,
   "count" : 272,
   "componentType" : 5126,
   "type" : "VEC4",
   "byteOffset" : 160128,
   "min" : [
    -0.809017002583,
    -0.500000000000,
    -1.000000000000,
    1.000000000000],
   "max" : [
    0.809017002583,
    1.000000000000,
    1.000000000000,
    1.000000000000]},
  {
   "bufferView" : 2,
   "count" : 146,
   "componentType" : 5126,
   "type" : "VEC4",
   "byteOffset" : 164480,
   "min" : [
    -0.866025388241,
    -0.632459580898,
    -1.000000000000,
    1.000000000000],
   "max" : [
    0.866025388241,
    1.000000000000,
    1.000000000000,
    1.000000000000]},
  {
   "bufferView" : 2,
   "count" : 304,
   "componentType" : 5126,
   "type" : "VEC4",
   "byteOffset" : 166816,
   "min" : [
    0.000000000000,
    -0.766044437885,
    -1.000000000000,
    1.000000000000],
   "max" : [
    0.000000000000,
    1.000000000000,
    1.000000000000,
    1.000000000000]},
  {
   "bufferView" : 2,
   "count" : 152,
   "componentType" : 5126,
   "type" : "VEC4",
   "byteOffset" : 171680,
   "min" : [
    -0.809017002583,
    -0.000000000000,
    -1.000000000000,
    1.000000000000],
   "max" : [
    0.809017002583,
    1.000000000000,
    1.000000000000,
    1.000000000000]},
  {
   "bufferView" : 2,
   "count" : 1548,
   "componentType" : 5126,
   "type" : "VEC4",
   "byteOffset" : 174112,
   "min" : [
    -0.995793461800,
    -0.781831502914,
    -1.000000000000,
    1.000000000000],
   "max" : [
    0.995793461800,
    1.000000000000,
    1.000000000000,
    1.000000000000]},
  {
   "bufferView" : 2,
   "count" : 318,
   "componentType" : 5126,
   "type" : "VEC4",
   "byteOffset" : 198880,
   "min" : [
    -0.763994157314,
    -0.000000000000,
    -1.000000000000,
    1.000000000000],
   "max" : [
    0.809017002583,
    1.000000000000,
    1.000000000000,
    1.000000000000]},
  {
   "bufferView" : 2,
   "count" : 212,
   "componentType" : 5126,
   "type" : "VEC4",
   "byteOffset" : 203968,
   "min" : [
    -0.638324916363,
    -0.997074425220,
    -1.000000000000,
    1.000000000000],
   "max" : [
    0.599066436291,
    1.000000000000,
    1.000000000000,
    1.000000000000]},
  {
   "bufferView" : 2,
   "count" : 1382,
   "componentType" : 5126,
   "type" : "VEC4",
   "byteOffset" : 207360,
   "min" : [
    -0.755749583244,
    -0.870869100094,
    -1.000000000000,
    1.000000000000],
   "max" : [
    0.733051896095,
    1.000000000000,
    1.000000000000,
    1.000000000000]},
  {
   "bufferView" : 2,
   "count" : 584,
   "componentType" : 5126,
   "type" : "VEC4",
   "byteOffset" : 229472,
   "min" : [
    -0.923879504204,
    -0.925820112228,
    -1.000000000000,
    1.000000000000],
   "max" : [
    0.923879504204,
    1.000000000000,
    1.000000000000,
    1.000000000000]},
  {
   "bufferView" : 2,
   "count" : 136,
   "componentType" : 5126,
   "type" : "VEC4",
   "byteOffset" : 238816,
   "min" : [
    -0.866025388241,
    0.000000000000,
    -1.000000000000,
    1.000000000000],
   "max" : [
    0.866025388241,
    1.000000000000,
    1.000000000000,
    1.000000000000]},
  {
   "bufferView" : 2,
   "count" : 2224,
   "componentType" : 5126,
   "type" : "VEC4",
   "byteOffset" : 240992,
   "min" : [
    -0.755749583244,
    -0.008066624403,
    -1.000000000000,
    1.000000000000],
   "max" : [
    0.755749583244,
    1.000000000000,
    1.000000000000,
    1.000000000000]},
  {
   "bufferView" : 2,
   "count" : 80,
   "componentType" : 5126,
   "type" : "VEC4",
   "byteOffset" : 276576,
   "min" : [
    -0.000000552798,
    0.000000000000,
    -1.000000000000,
    1.000000000000],
   "max" : [
    0.000000552798,
    1.000000000000,
    1.000000000000,
    1.000000000000]},
  {
   "bufferView" : 2,
   "count" : 408,
   "componentType" : 5126,
   "type" : "VEC4",
   "byteOffset" : 277856,
   "min" : [
    -0.000007953278,
    -0.000000000000,
    -1.000000000000,
    1.000000000000],
   "max" : [
    0.000006346004,
    1.000000000000,
    1.000000000000,
    1.000000000000]},
  {
   "bufferView" : 2,
   "count" : 492,
   "componentType" : 5126,
   "type" : "VEC4",
   "byteOffset" : 284384,
   "min" : [
    -0.733051896095,
    -1.000000000000,
    -1.000000000000,
    1.000000000000],
   "max" : [
    0.755749583244,
    1.000000000000,
    1.000000000000,
    1.000000000000]},
  {
   "bufferView" : 2,
   "count" : 378,
   "componentType" : 5126,
   "type" : "VEC4",
   "byteOffset" : 292256,
   "min" : [
    -0.999462306499,
    -0.176756024361,
    -1.000000000000,
    1.000000000000],
   "max" : [
    0.999451339245,
    1.000000000000,
    1.000000000000,
    1.000000000000]},
  {
   "bufferView" : 2,
   "count" : 388,
   "componentType" : 5126,
   "type" : "VEC4",
   "byteOffset" : 298304,
   "min" : [
    -1.000000000000,
    -0.739008903503,
    -0.995734155178,
    1.000000000000],
   "max" : [
    1.000000000000,
    1.000000000000,
    1.000000000000,
    1.000000000000]},
  {
   "bufferView" : 1,
   "count" : 168,
   "componentType" : 5126,
   "type" : "VEC3",
   "byteOffset" : 0,
   "min" : [
    -1.500000000000,
    1.903225779533,
    -2.500000000000],
   "max" : [
    3.500000000000,
    4.903225898743,
    2.500000000000]},
  {
   "bufferView" : 1,
   "count" : 168,
   "componentType" : 5126,
   "type" : "VEC3",
   "byteOffset" : 2016,
   "min" : [
    -1.000000000000,
    -1.000000000000,
    -1.000000000000],
   "max" : [
    1.000000000000,
    1.000000000000,
    1.000000000000]},
  {
   "bufferView" : 1,
   "count" : 344,
   "componentType" : 5126,
   "type" : "VEC3",
   "byteOffset" : 4032,
   "min" : [
    -15.000000000000,
    -0.000000000000,
    -15.000000000000],
   "max" : [
    15.000000000000,
    20.797969818115,
    15.000000000000]},
  {
   "bufferView" : 1,
   "count" : 344,
   "componentType" : 5126,
   "type" : "VEC3",
   "byteOffset" : 8160,
   "min" : [
    -1.000000000000,
    -1.000000000000,
    -1.000000000000],
   "max" : [
    1.000000000000,
    0.996615409851,
    1.000000000000]},
  {
   "bufferView" : 1,
   "count" : 208,
   "componentType" : 5126,
   "type" : "VEC3",
   "byteOffset" : 12288,
   "min" : [
    -0.050000131130,
    -1.849203467369,
    -1.846623539925],
   "max" : [
    2.674999952316,
    1.849352955818,
    1.849808216095]},
  {
   "bufferView" : 1,
   "count" : 208,
   "componentType" : 5126,
   "type" : "VEC3",
   "byteOffset" : 14784,
   "min" : [
    -1.000000000000,
    -1.000000000000,
    -1.000000000000],
   "max" : [
    1.000000000000,
    0.999650239944,
    1.000000000000]},
  {
   "bufferView" : 1,
   "count" : 560,
   "componentType" : 5126,
   "type" : "VEC3",
   "byteOffset" : 17280,
   "min" : [
    -18.000000000000,
    -18.000000000000,
    0.000000000000],
   "max" : [
    18.000000000000,
    18.000000000000,
    10.000000000000]},
  {
   "bufferView" : 1,
   "count" : 560,
   "componentType" : 5126,
   "type" : "VEC3",
   "byteOffset" : 24000,
   "min" : [
    -1.000000000000,
    -1.000000000000,
    -1.000000000000],
   "max" : [
    1.000000000000,
    1.000000000000,
    1.000000000000]},
  {
   "bufferView" : 1,
   "count" : 208,
   "componentType" : 5126,
   "type" : "VEC3",
   "byteOffset" : 30720,
   "min" : [
    -1.949855804443,
    -9.448052406311,
    -2.000000000000],
   "max" : [
    1.949855804443,
    4.051948070526,
    2.000000000000]},
  {
   "bufferView" : 1,
   "count" : 208,
   "componentType" : 5126,
   "type" : "VEC3",
   "byteOffset" : 33216,
   "min" : [
    -1.000000000000,
    -1.000000000000,
    -1.000000000000],
   "max" : [
    1.000000000000,
    1.000000000000,
    1.000000000000]},
  {
   "bufferView" : 1,
   "count" : 304,
   "componentType" : 5126,
   "type" : "VEC3",
   "byteOffset" : 35712,
   "min" : [
    -16.453863143921,
    0.000000000000,
    -16.500000000000],
   "max" : [
    16.453863143921,
    1.000000000000,
    16.500000000000]},
  {
   "bufferView" : 1,
   "count" : 304,
   "componentType" : 5126,
   "type" : "VEC3",
   "byteOffset" : 39360,
   "min" : [
    -1.000000000000,
    -1.000000000000,
    -1.000000000000],
   "max" : [
    1.000000000000,
    1.000000000000,
    1.000000000000]},
  {
   "bufferView" : 1,
   "count" : 120,
   "componentType" : 5126,
   "type" : "VEC3",
   "byteOffset" : 43008,
   "min" : [
    6.913390636444,
    -1.949855804443,
    -2.000000000000],
   "max" : [
    19.304695129395,
    1.949855804443,
    2.000000000000]},
  {
   "bufferView" : 1,
   "count" : 120,
   "componentType" : 5126,
   "type" : "VEC3",
   "byteOffset" : 44448,
   "min" : [
    -1.000000000000,
    -1.000000000000,
    -1.000000000000],
   "max" : [
    1.000000000000,
    1.000000000000,
    1.000000000000]},
  {
   "bufferView" : 1,
   "count" : 338,
   "componentType" : 5126,
   "type" : "VEC3",
   "byteOffset" : 45888,
   "min" : [
    -6.500000000000,
    -5.000000000000,
    0.000000000000],
   "max" : [
    6.500000000000,
    5.000000000000,
    7.000000000000]},
  {
   "bufferView" : 1,
   "count" : 338,
   "componentType" : 5126,
   "type" : "VEC3",
   "byteOffset" : 49944,
   "min" : [
    -1.000000000000,
    -1.000000000000,
    -1.000000000000],
   "max" : [
    1.000000000000,
    1.000000000000,
    1.000000000000]},
  {
   "bufferView" : 1,
   "count" : 228,
   "componentType" : 5126,
   "type" : "VEC3",
   "byteOffset" : 54000,
   "min" : [
    -5.706896781921,
    -2.954423189163,
    -3.000000000000],
   "max" : [
    6.293103218079,
    2.954423189163,
    3.000000000000]},
  {
   "bufferView" : 1,
   "count" : 228,
   "componentType" : 5126,
   "type" : "VEC3",
   "byteOffset" : 56736,
   "min" : [
    -1.000000000000,
    -1.000000000000,
    -1.000000000000],
   "max" : [
    1.000000000000,
    1.000000000000,
    1.000000000000]},
  {
   "bufferView" : 1,
   "count" : 584,
   "componentType" : 5126,
   "type" : "VEC3",
   "byteOffset" : 59472,
   "min" : [
    -16.453863143921,
    -3.145482778549,
    -16.500000000000],
   "max" : [
    16.453863143921,
    2.854517221451,
    16.500000000000]},
  {
   "bufferView" : 1,
   "count" : 584,
   "componentType" : 5126,
   "type" : "VEC3",
   "byteOffset" : 66480,
   "min" : [
    -1.000000000000,
    -1.000000000000,
    -1.000000000000],
   "max" : [
    1.000000000000,
    1.000000000000,
    1.000000000000]},
  {
   "bufferView" : 1,
   "count" : 874,
   "componentType" : 5126,
   "type" : "VEC3",
   "byteOffset" : 73488,
   "min" : [
    -19.793748855591,
    -4.606735229492,
    -19.840000152588],
   "max" : [
    19.793748855591,
    9.393264770508,
    19.840000152588]},
  {
   "bufferView" : 1,
   "count" : 874,
   "componentType" : 5126,
   "type" : "VEC3",
   "byteOffset" : 83976,
   "min" : [
    -0.997668743134,
    -1.000000000000,
    -1.000000000000],
   "max" : [
    0.997668743134,
    1.000000000000,
    1.000000000000]},
  {
   "bufferView" : 1,
   "count" : 582,
   "componentType" : 5126,
   "type" : "VEC3",
   "byteOffset" : 94464,
   "min" : [
    -0.000000000000,
    -8.000000000000,
    -7.956175327301],
   "max" : [
    18.000000000000,
    8.000000000000,
    7.956175327301]},
  {
   "bufferView" : 1,
   "count" : 582,
   "componentType" : 5126,
   "type" : "VEC3",
   "byteOffset" : 101448,
   "min" : [
    -1.000000000000,
    -1.000000000000,
    -1.000000000000],
   "max" : [
    1.000000000000,
    1.000000000000,
    1.000000000000]},
  {
   "bufferView" : 1,
   "count" : 184,
   "componentType" : 5126,
   "type" : "VEC3",
   "byteOffset" : 108432,
   "min" : [
    -2.950000047684,
    -2.905182838440,
    -2.458333253860],
   "max" : [
    2.950000047684,
    2.905182838440,
    0.000000000000]},
  {
   "bufferView" : 1,
   "count" : 184,
   "componentType" : 5126,
   "type" : "VEC3",
   "byteOffset" : 110640,
   "min" : [
    -1.000000000000,
    -1.000000000000,
    -1.000000000000],
   "max" : [
    1.000000000000,
    1.000000000000,
    1.000000000000]},
  {
   "bufferView" : 1,
   "count" : 214,
   "componentType" : 5126,
   "type" : "VEC3",
   "byteOffset" : 112848,
   "min" : [
    -2.022973537445,
    -2.583777666092,
    -2.482006072998],
   "max" : [
    8.412152290344,
    2.380000114441,
    2.482006072998]},
  {
   "bufferView" : 1,
   "count" : 214,
   "componentType" : 5126,
   "type" : "VEC3",
   "byteOffset" : 115416,
   "min" : [
    -1.000000000000,
    -0.999810814857,
    -0.999952673912],
   "max" : [
    1.000000000000,
    1.000000000000,
    0.999952673912]},
  {
   "bufferView" : 1,
   "count" : 788,
   "componentType" : 5126,
   "type" : "VEC3",
   "byteOffset" : 117984,
   "min" : [
    -16.952465057373,
    -1.500000000000,
    -17.000000000000],
   "max" : [
    16.952465057373,
    7.500000000000,
    17.000000000000]},
  {
   "bufferView" : 1,
